305040302011234567890123456789012202401000000000705878620123456789
305040302011234567890123456789012202402000000001912958720123456789
305040302011234567890123456789012202403000000001187036720123456789
305040302011234567890123456789012202404000000001864671620123456789
305040302011234567890123456789012202405000000002338625220123456789
305040302011234567890123456789012202406000000002217898220123456789
305040302011234567890123456789012202407000000003798601320123456789
305040302011234567890123456789012202408000000001907412020123456789
305040302011234567890123456789012202409000000003478985220123456789
305040302011234567890123456789012202410000000002763194820123456789
305040302011234567890123456789012202411000000003717422820123456789
305040302011234567890123456789012202412000000004359688520123456789
307080906099876543210987654321098202401000000000352939320123456789
307080906099876543210987654321098202402000000000956479320123456789
307080906099876543210987654321098202403000000000593518320123456789
307080906099876543210987654321098202404000000000932335820123456789
307080906099876543210987654321098202405000000001169312620123456789
307080906099876543210987654321098202406000000001108949120123456789
307080906099876543210987654321098202407000000001899300620123456789
307080906099876543210987654321098202408000000000953706020123456789
307080906099876543210987654321098202409000000001739492620123456789
307080906099876543210987654321098202410000000001381597420123456789
307080906099876543210987654321098202411000000001858711420123456789
307080906099876543210987654321098202412000000002179844220123456789
